1851 0.757 0.333 -0.511 0.464 0.056 0.079 0.342 0.277 0.196 0.643 -0.109 -0.181 0.196
1851 3 3 3 3 3 3 3 3 3 3 3 3
1852 0.166 0.186 -0.042 -0.813 0.409 0.459 0.517 0.095 0.166 -0.201 0.126 1.686 0.230
1852 3 3 3 3 3 3 3 3 3 3 3 3
1853 0.675 -0.596 -1.249 -0.460 -0.194 -0.174 0.362 0.282 -0.317 0.062 -0.500 -1.150 -0.272
1853 3 3 3 3 3 3 3 3 3 3 3 3
1854 -0.427 0.207 0.175 -0.330 0.383 0.082 0.552 0.334 0.131 0.617 -0.487 0.310 0.129
1854 3 3 3 3 3 3 3 3 3 3 3 3
1855 0.020 -1.295 -0.523 0.379 0.180 0.142 0.221 0.083 -0.301 0.287 -0.431 -1.540 -0.231
1855 3 3 3 3 3 3 3 3 3 3 3 3
1856 -0.277 -0.713 -1.209 -0.061 -0.574 0.183 -0.395 -0.300 -0.575 -0.572 -1.397 -0.153 -0.504
1856 4 4 3 3 3 3 3 3 3 3 3 3
1857 -1.081 0.203 -0.685 -1.363 -0.964 -0.320 -0.036 0.101 -0.329 -0.398 -0.717 0.560 -0.419
1857 3 4 3 4 4 4 4 4 4 4 4 4
1858 -0.003 -1.310 -0.723 -0.395 -0.377 0.111 -0.168 -0.348 -0.351 -0.080 -1.719 -0.371 -0.478
1858 4 4 4 4 4 4 4 4 4 4 4 4
1859 -0.156 0.148 -0.034 -0.176 -0.021 -0.187 0.018 0.008 -0.535 -0.180 -0.316 -1.036 -0.206
1859 4 4 4 4 4 4 4 4 4 4 4 4
1860 0.106 -1.067 -1.486 -0.533 -0.296 0.001 -0.280 -0.068 -0.282 -0.348 -1.218 -1.536 -0.584
1860 4 4 4 4 4 4 4 4 4 4 4 4
1861 -1.899 0.202 0.048 -0.774 -0.980 0.113 -0.141 0.029 -0.323 -0.277 -0.691 -0.438 -0.428
1861 4 4 4 4 4 4 4 4 4 4 4 4
1862 -1.221 -1.272 -0.444 -0.318 -0.180 -0.395 -0.457 -0.702 -0.367 -0.517 -0.972 -1.115 -0.663
1862 4 4 4 3 3 3 4 4 4 4 4 4
1863 1.068 0.418 -0.369 -0.308 -0.230 -0.381 -0.471 -0.255 -0.470 -0.578 -0.367 -0.363 -0.192
1863 3 4 4 4 4 4 4 3 3 3 3 3
1864 -1.350 -0.583 -0.494 -0.738 -0.621 0.097 -0.077 -0.477 -0.304 -1.297 -1.263 -1.225 -0.694
1864 4 4 4 4 4 4 4 4 4 4 4 4
1865 -0.131 -1.306 -1.385 -0.179 -0.168 -0.211 0.106 -0.351 0.236 -0.595 0.023 -0.542 -0.375
1865 4 4 4 4 4 4 4 4 4 4 4 4
1866 0.547 -0.509 -0.897 -0.226 -0.729 0.034 -0.037 -0.506 -0.042 -0.818 -0.628 -0.374 -0.349
1866 4 4 4 4 4 4 4 4 4 4 4 4
1867 -0.711 0.560 -1.827 -0.492 -1.138 -0.270 -0.341 -0.184 -0.104 -0.109 -0.631 -0.962 -0.517
1867 4 4 4 4 4 4 4 4 4 4 4 4
1868 -1.348 -0.833 -0.208 -0.664 0.159 0.089 0.423 0.098 -0.354 -0.153 -0.980 -0.203 -0.331
1868 4 4 4 5 5 4 5 5 5 4 5 5
1869 -0.166 0.827 -1.125 -0.352 -0.444 -0.345 -0.167 0.192 -0.071 -0.972 -0.613 -0.415 -0.304
1869 5 5 5 5 5 5 4 4 5 5 4 4
1870 0.103 -0.959 -1.112 -0.446 -0.018 0.185 0.123 -0.704 -0.318 -0.482 -0.149 -1.758 -0.461
1870 5 5 5 5 5 5 5 5 5 5 5 5
1871 -0.997 -1.155 -0.007 -0.335 -0.556 -0.396 0.008 0.110 -0.593 -0.604 -1.268 -1.203 -0.583
1871 5 5 5 5 5 5 5 5 5 5 5 5
1872 -0.124 -0.498 -0.624 -0.124 -0.044 -0.089 -0.132 -0.422 -0.194 -0.177 -0.504 -0.789 -0.310
1872 5 5 6 5 6 6 5 5 5 5 6 5
1873 -0.031 -0.629 -0.530 -0.988 -0.587 0.203 -0.155 0.004 -0.398 -0.422 -0.918 -0.020 -0.373
1873 6 6 6 6 6 6 6 6 6 6 6 6
1874 0.256 -0.469 -1.071 -0.670 -0.840 -0.404 -0.248 -0.388 -0.201 -0.250 -0.806 -0.388 -0.457
1874 6 6 6 6 6 6 6 6 6 6 6 6
1875 -1.212 -1.581 -1.624 -1.047 -0.254 -0.195 -0.324 -0.298 -0.640 -0.814 -1.263 -0.888 -0.845
1875 6 7 7 6 7 7 7 7 7 7 7 7
1876 -0.270 -0.228 -0.458 -0.374 -0.745 -0.082 0.090 -0.172 -0.216 -0.446 -1.265 -1.450 -0.468
1876 7 7 7 7 7 7 7 7 7 7 7 7
1877 -0.317 -0.046 -0.637 -0.739 -0.885 -0.069 0.146 0.185 -0.384 -0.561 0.058 0.098 -0.263
1877 7 7 7 7 7 7 7 7 7 7 7 7
1878 -0.342 0.404 0.598 0.369 -0.435 -0.114 -0.095 -0.026 0.240 0.107 -0.155 -0.965 -0.034
1878 7 7 7 7 7 7 7 7 7 7 7 7
1879 -0.483 -0.482 -0.455 -0.625 -0.527 -0.587 -0.377 -0.368 -0.346 -0.124 -0.876 -1.181 -0.536
1879 8 8 8 8 8 8 8 8 8 8 8 8
1880 0.086 -0.266 -0.499 -0.343 -0.110 -0.128 -0.201 0.121 -0.181 -0.975 -1.041 -0.616 -0.346
1880 8 8 8 8 8 8 8 8 8 8 8 8
1881 -1.244 -0.620 -0.721 -0.477 -0.054 -0.602 -0.294 -0.163 -0.148 -0.666 -0.689 0.092 -0.465
1881 8 8 8 9 9 9 9 8 8 9 8 8
1882 0.598 0.080 0.099 -0.693 -0.720 -0.664 -0.538 -0.118 -0.122 -0.391 -0.758 -0.894 -0.343
1882 9 9 9 9 9 9 9 9 9 9 9 9
1883 -1.072 -0.913 -1.105 -0.710 -0.566 0.011 -0.279 -0.449 -0.548 -0.561 -0.573 -0.362 -0.594
1883 9 9 9 9 9 9 9 9 9 9 9 9
1884 -0.601 -0.415 -0.808 -1.056 -0.993 -0.684 -0.717 -0.269 -0.421 -0.515 -0.996 -0.637 -0.676
1884 9 9 9 9 9 9 9 9 9 9 9 9
1885 -1.315 -0.794 -1.034 -0.883 -0.882 -0.703 -0.367 -0.633 -0.373 -0.526 -0.462 -0.012 -0.665
1885 9 9 9 9 9 9 9 9 9 9 10 10
1886 -0.785 -1.042 -0.964 -0.311 -0.413 -0.647 -0.337 -0.399 -0.225 -0.567 -0.494 -0.302 -0.541
1886 10 10 10 10 10 10 10 10 10 10 10 10
1887 -0.712 -0.779 -0.577 -0.658 -0.434 -0.425 -0.299 -0.464 -0.315 -0.879 -0.669 -0.610 -0.569
1887 10 10 10 10 10 10 10 10 10 10 10 10
1888 -1.170 -1.003 -1.434 -0.344 -0.747 -0.469 -0.417 -0.452 -0.241 -0.416 -0.498 -0.318 -0.626
1888 10 11 10 11 11 10 10 10 10 10 11 11
1889 -0.446 -0.458 -0.304 -0.012 0.108 -0.171 -0.368 -0.400 -0.566 -0.353 -0.693 0.024 -0.303
1889 11 11 11 11 11 11 11 11 11 11 11 11
1890 -0.152 -0.372 -0.509 -0.270 -0.617 -0.299 -0.433 -0.440 -0.263 -0.531 -0.801 -0.705 -0.449
1890 11 11 11 11 11 11 11 11 11 11 11 11
1891 -0.935 -0.834 -0.691 -0.721 -0.474 -0.502 -0.519 -0.529 -0.232 -0.513 -0.922 0.160 -0.559
1891 12 12 12 12 12 12 12 12 12 12 12 11
1892 -0.726 -0.082 -0.884 -0.865 -0.805 -0.436 -0.494 -0.361 -0.280 -0.478 -0.784 -1.325 -0.627
1892 12 12 12 12 12 12 12 12 12 12 12 12
1893 -2.046 -1.506 -0.603 -0.677 -0.759 -0.487 -0.205 -0.390 -0.496 -0.265 -0.535 -0.387 -0.696
1893 12 12 12 12 12 12 12 12 12 12 12 12
1894 -0.552 -0.457 -0.212 -0.419 -0.538 -0.591 -0.425 -0.391 -0.741 -0.439 -0.443 -0.411 -0.468
1894 12 12 12 12 12 12 12 12 12 12 12 12
1895 -1.076 -1.525 -0.761 -0.458 -0.488 -0.377 -0.652 -0.356 -0.183 -0.345 -0.459 -0.277 -0.580
1895 12 12 12 12 12 12 12 13 12 13 13 13
1896 -0.348 -0.353 -0.842 -0.797 -0.371 -0.256 -0.244 -0.342 -0.313 -0.055 -0.950 -0.142 -0.418
1896 13 13 13 13 13 13 13 13 13 13 13 13
1897 -0.599 -0.375 -0.802 -0.089 -0.059 -0.172 -0.131 -0.273 -0.063 -0.294 -0.502 -0.580 -0.328
1897 13 13 13 13 13 13 13 13 13 13 13 13
1898 0.324 -0.394 -1.290 -0.659 -0.613 -0.213 -0.330 -0.134 -0.134 -0.570 -0.416 -0.135 -0.380
1898 14 14 14 14 14 14 14 14 14 14 14 14
1899 -0.124 -0.730 -0.809 -0.245 -0.466 -0.554 -0.266 -0.224 -0.005 -0.199 0.318 -0.610 -0.326
1899 14 14 14 14 14 14 14 14 14 14 14 14
1900 -0.397 -0.426 -0.470 -0.409 -0.279 -0.030 -0.284 -0.157 -0.236 0.288 -0.193 0.139 -0.204
1900 14 14 14 14 14 14 14 14 14 14 14 14
1901 -0.179 -0.545 -0.178 -0.070 -0.144 0.057 -0.020 -0.090 -0.152 -0.178 -0.329 -0.457 -0.190
1901 14 14 14 14 14 14 14 14 14 14 14 14
1902 0.045 -0.102 -0.311 -0.480 -0.455 -0.371 -0.445 -0.497 -0.465 -0.542 -0.604 -0.842 -0.422
1902 15 15 15 15 15 15 14 15 15 15 15 15
1903 -0.115 0.110 -0.120 -0.523 -0.556 -0.583 -0.527 -0.488 -0.400 -0.556 -0.591 -0.732 -0.424
1903 15 15 15 15 15 15 15 15 15 15 15 15
1904 -0.783 -0.696 -0.883 -0.535 -0.523 -0.505 -0.538 -0.467 -0.572 -0.389 -0.283 -0.484 -0.555
1904 15 15 15 15 15 15 15 15 15 15 15 15
1905 -0.568 -1.229 -0.518 -0.696 -0.397 -0.231 -0.336 -0.345 -0.250 -0.544 -0.067 -0.029 -0.434
1905 15 15 15 15 16 15 15 15 15 15 15 15
1906 0.100 -0.471 -0.604 0.122 -0.023 -0.134 -0.194 -0.216 -0.333 -0.252 -0.621 -0.154 -0.232
1906 15 16 16 16 16 15 15 16 15 15 16 16
1907 -0.700 -0.785 -0.528 -0.917 -0.967 -0.706 -0.496 -0.602 -0.420 -0.147 -0.782 -0.546 -0.633
1907 16 16 16 16 16 16 16 16 16 16 16 16
1908 -0.207 -0.393 -0.867 -0.567 -0.457 -0.398 -0.418 -0.576 -0.314 -0.595 -0.726 -0.410 -0.494
1908 16 16 16 16 16 16 16 16 16 16 16 16
1909 -0.631 -0.661 -0.872 -0.838 -0.797 -0.408 -0.437 -0.078 -0.152 -0.139 -0.091 -0.686 -0.482
1909 16 16 16 16 16 16 16 16 17 16 16 16
1910 -0.094 -0.377 -0.244 -0.224 -0.347 -0.312 -0.222 -0.259 -0.224 -0.413 -0.786 -0.662 -0.347
1910 17 17 17 17 17 17 17 17 17 17 17 17
1911 -0.587 -0.914 -0.799 -0.715 -0.410 -0.434 -0.282 -0.264 -0.296 -0.388 -0.202 -0.075 -0.447
1911 17 18 18 18 18 17 17 17 17 18 17 18
1912 -0.485 -0.099 -0.588 -0.442 -0.331 -0.144 -0.603 -0.693 -0.686 -0.810 -0.572 -0.275 -0.477
1912 18 18 18 18 18 18 18 18 18 18 18 18
1913 -0.257 -0.723 -0.638 -0.244 -0.828 -0.669 -0.379 -0.211 -0.339 -0.372 0.187 0.271 -0.350
1913 18 18 18 18 18 18 18 18 18 18 18 18
1914 0.454 0.138 -0.149 -0.309 -0.127 -0.115 -0.195 -0.155 -0.211 -0.000 -0.336 -0.344 -0.112
1914 18 18 18 18 18 18 17 18 18 18 18 18
1915 -0.088 0.302 -0.660 0.063 -0.340 -0.242 -0.034 -0.215 -0.075 -0.250 -0.034 -0.106 -0.140
1915 17 17 17 17 17 17 17 17 17 17 17 17
1916 0.017 -0.115 -0.726 -0.357 -0.381 -0.525 -0.227 -0.259 -0.330 -0.381 -0.466 -0.930 -0.390
1916 18 18 18 18 18 18 17 17 18 18 18 18
1917 -0.629 -1.340 -1.214 -0.765 -1.183 -0.440 -0.107 -0.330 -0.173 -0.609 -0.333 -1.267 -0.699
1917 18 18 18 18 18 18 18 18 18 18 18 18
1918 -0.788 -0.565 -0.510 -0.614 -0.736 -0.415 -0.466 -0.371 -0.306 0.121 -0.302 -0.319 -0.439
1918 18 18 18 18 18 18 18 18 18 18 18 17
1919 -0.080 -0.317 -0.599 -0.115 -0.467 -0.145 -0.234 -0.200 -0.072 -0.294 -0.835 -0.559 -0.326
1919 17 17 17 17 17 17 17 17 17 17 17 17
1920 -0.130 -0.417 -0.112 -0.346 -0.210 -0.280 -0.157 -0.225 -0.106 -0.374 -0.546 -0.495 -0.283
1920 17 17 17 17 17 18 17 17 17 17 17 17
1921 0.357 -0.118 -0.005 -0.033 0.053 0.064 -0.024 -0.369 -0.199 -0.211 -0.609 -0.145 -0.103
1921 18 18 18 18 18 18 18 18 18 19 19 19
1922 -0.631 -0.513 -0.367 -0.117 -0.165 -0.163 -0.281 -0.274 -0.202 -0.286 -0.161 -0.191 -0.279
1922 19 19 19 19 19 19 19 19 19 19 19 19
1923 0.071 -0.602 -0.376 -0.709 -0.377 -0.298 -0.433 -0.467 -0.189 -0.060 0.137 0.200 -0.259
1923 19 19 19 19 19 19 19 19 19 19 20 19
1924 -0.488 -0.492 -0.497 -0.630 -0.331 -0.207 -0.212 -0.237 -0.091 -0.166 -0.146 -0.583 -0.340
1924 20 20 20 20 20 19 20 20 20 20 20 20
1925 -0.327 -0.055 -0.287 -0.125 -0.395 -0.314 -0.395 -0.120 -0.245 -0.541 -0.084 0.170 -0.226
1925 20 20 20 20 20 20 20 20 20 20 20 20
1926 0.388 0.475 0.017 -0.372 -0.509 -0.211 -0.250 -0.077 -0.042 -0.089 0.074 -0.447 -0.087
1926 20 20 20 20 20 20 20 20 20 20 20 20
1927 -0.267 -0.174 -0.392 -0.429 -0.501 -0.259 -0.079 -0.171 0.020 0.215 -0.067 -0.860 -0.247
1927 20 20 20 20 20 20 20 20 20 20 20 20
1928 0.099 -0.113 -0.501 -0.305 -0.341 -0.569 -0.107 -0.130 -0.042 -0.069 0.104 -0.007 -0.165
1928 20 20 20 20 21 20 20 20 20 20 20 20
1929 -0.700 -1.366 -0.481 -0.695 -0.443 -0.431 -0.417 -0.164 -0.277 0.023 0.009 -0.699 -0.470
1929 21 21 21 21 21 21 21 21 21 21 21 21
1930 -0.347 -0.122 -0.057 -0.151 -0.315 -0.053 -0.007 0.037 -0.162 -0.219 0.104 -0.115 -0.117
1930 21 21 21 21 21 21 21 21 21 21 21 21
1931 0.024 -0.414 -0.330 -0.402 -0.342 -0.001 0.093 0.046 -0.053 0.154 -0.116 0.121 -0.102
1931 21 21 21 22 22 22 22 22 22 22 21 21
1932 0.878 -0.422 -0.676 0.030 -0.221 -0.195 -0.084 -0.041 0.080 0.057 -0.272 -0.147 -0.084
1932 22 22 22 22 22 22 22 22 22 22 22 22
1933 -0.450 -0.639 -0.541 -0.297 -0.257 -0.230 -0.055 -0.080 -0.072 -0.034 -0.365 -0.874 -0.325
1933 22 22 23 23 23 23 23 23 23 23 23 23
1934 -0.005 0.201 -0.399 -0.350 0.217 -0.036 0.014 -0.014 -0.141 0.035 0.219 0.122 -0.011
1934 23 23 23 23 23 23 23 23 23 23 23 23
1935 -0.435 0.723 -0.071 -0.563 -0.483 -0.200 -0.064 -0.040 -0.144 0.124 -0.508 -0.305 -0.164
1935 23 23 23 23 23 23 23 23 23 23 23 23
1936 -0.311 -0.909 -0.366 -0.326 -0.118 -0.023 0.282 0.114 -0.014 0.031 0.063 0.255 -0.110
1936 24 24 24 24 24 24 24 24 24 24 24 24
1937 -0.253 0.105 -0.689 -0.314 -0.029 0.085 0.002 0.215 0.245 0.322 0.112 -0.301 -0.042
1937 24 24 24 24 24 24 24 24 24 24 24 24
1938 0.157 0.162 0.369 0.331 0.045 -0.034 0.076 0.113 0.274 0.448 0.336 -0.357 0.160
1938 24 24 24 24 24 24 24 24 24 24 24 24
1939 0.128 0.058 -0.464 -0.175 0.052 0.109 -0.022 0.069 -0.139 -0.282 -0.008 0.697 0.002
1939 25 25 25 25 25 25 25 25 25 25 25 25
1940 -0.796 -0.111 -0.151 0.006 -0.160 0.152 0.119 0.024 0.158 -0.029 -0.038 0.279 -0.046
1940 25 25 25 25 25 25 25 25 25 25 25 25
1941 -0.212 0.085 -0.377 -0.036 -0.049 0.107 0.174 0.021 -0.190 0.192 -0.204 -0.164 -0.054
1941 26 26 26 26 26 26 26 26 26 26 26 26
1942 0.076 -0.428 -0.294 -0.111 -0.110 0.082 -0.099 -0.008 0.104 0.103 0.071 0.033 -0.049
1942 27 27 27 27 27 27 26 27 27 27 27 27
1943 -0.375 0.286 -0.247 0.176 0.056 -0.243 -0.003 -0.148 0.040 0.386 -0.010 0.283 0.017
1943 27 27 27 27 27 27 27 27 27 27 27 27
1944 0.719 0.299 0.035 -0.146 -0.042 -0.025 0.049 0.139 0.397 0.325 -0.055 -0.358 0.111
1944 27 27 27 27 27 27 27 27 27 27 27 27
1945 -0.256 -0.426 -0.186 0.189 -0.275 -0.118 -0.187 0.398 0.136 0.125 -0.130 -0.674 -0.117
1945 27 27 27 27 27 27 27 27 27 27 27 27
1946 0.121 0.134 -0.291 0.184 -0.098 -0.246 0.007 -0.026 0.053 -0.162 0.006 -0.553 -0.073
1946 28 28 27 27 27 27 27 27 27 28 28 27
1947 -0.293 -0.332 -0.003 0.147 -0.039 0.050 -0.056 0.076 0.060 0.413 0.072 -0.236 -0.011
1947 28 28 28 28 28 28 28 28 28 28 28 28
1948 0.416 -0.090 -0.399 -0.008 0.156 0.124 -0.104 -0.051 0.019 0.139 0.047 -0.223 0.002
1948 28 28 29 29 29 29 28 28 28 29 29 29
1949 0.366 -0.338 -0.392 -0.098 -0.110 -0.240 -0.173 -0.045 -0.084 0.125 -0.011 -0.349 -0.112
1949 29 29 29 29 29 29 29 29 29 29 29 29
1950 -0.626 -0.366 -0.244 -0.294 -0.151 -0.093 -0.230 -0.284 -0.145 -0.184 -0.670 -0.308 -0.300
1950 30 30 30 31 31 30 30 31 31 31 31 30
1951 -0.517 -0.795 -0.427 -0.078 -0.031 -0.102 -0.046 0.108 0.187 0.133 -0.033 0.393 -0.101
1951 34 35 35 35 35 34 35 35 35 35 35 35
1952 0.278 0.063 -0.408 -0.036 -0.054 -0.020 0.104 0.078 0.110 -0.147 -0.540 -0.208 -0.065
1952 35 35 35 35 35 35 35 35 35 35 35 35
1953 0.153 0.170 0.201 0.201 0.038 0.162 -0.018 0.130 0.099 0.181 -0.148 0.241 0.117
1953 36 35 36 36 36 36 36 36 36 36 36 36
1954 -0.494 -0.227 -0.361 -0.204 -0.297 -0.101 -0.178 -0.062 -0.004 0.071 0.231 -0.186 -0.151
1954 36 36 36 36 36 36 36 36 36 36 36 36
1955 0.393 -0.130 -0.773 -0.346 -0.196 -0.107 -0.200 0.033 -0.035 0.006 -0.373 -0.480 -0.184
1955 36 37 37 37 37 37 37 37 36 37 36 36
1956 -0.322 -0.686 -0.560 -0.518 -0.413 -0.249 -0.283 -0.371 -0.401 -0.305 -0.466 -0.359 -0.411
1956 37 37 37 37 37 37 37 37 37 37 37 37
1957 -0.265 -0.217 -0.449 -0.167 -0.114 0.055 -0.175 0.025 0.049 -0.066 0.130 0.345 -0.071
1957 37 37 37 37 37 37 37 37 37 37 37 37
1958 0.480 0.227 -0.088 0.008 0.040 -0.083 0.009 -0.040 -0.127 0.004 0.075 -0.016 0.041
1958 37 37 37 37 37 37 37 37 37 37 37 37
1959 0.120 0.057 0.193 0.060 -0.120 0.117 0.047 0.023 0.046 -0.164 -0.176 -0.017 0.016
1959 38 37 38 37 38 37 38 38 38 38 37 37
1960 0.029 0.333 -0.693 -0.292 -0.322 0.052 -0.092 -0.021 0.037 0.011 -0.213 0.299 -0.073
1960 37 38 37 37 37 38 38 37 38 38 38 37
1961 0.090 0.278 0.106 0.092 0.077 0.083 -0.034 -0.009 0.046 -0.050 0.006 -0.178 0.042
1961 38 38 38 38 38 39 38 38 38 38 38 38
1962 0.186 0.263 -0.018 0.046 -0.083 -0.145 -0.076 -0.071 -0.021 0.111 0.071 0.042 0.025
1962 39 39 39 38 39 39 39 39 39 39 39 39
1963 -0.086 0.388 -0.309 -0.228 -0.170 -0.135 0.059 0.042 0.132 0.384 0.266 -0.133 0.018
1963 39 39 39 39 39 39 39 39 39 39 39 39
1964 -0.036 -0.288 -0.515 -0.369 -0.178 -0.235 -0.194 -0.275 -0.279 -0.394 -0.282 -0.426 -0.289
1964 39 39 39 39 39 39 39 39 39 39 39 39
1965 -0.066 -0.443 -0.282 -0.455 -0.225 -0.106 -0.283 -0.218 -0.202 -0.062 -0.257 -0.151 -0.229
1965 39 39 39 39 39 39 39 39 39 39 39 39
1966 -0.230 -0.169 -0.134 -0.297 -0.193 0.032 -0.015 -0.028 -0.035 -0.180 -0.163 -0.391 -0.150
1966 39 39 39 39 39 39 39 39 39 39 39 39
1967 -0.276 -0.434 -0.097 -0.079 0.099 -0.242 -0.121 -0.091 -0.132 0.333 0.014 -0.124 -0.096
1967 39 39 39 39 39 39 39 39 39 39 39 39
1968 -0.359 -0.249 0.351 -0.203 -0.316 -0.294 -0.217 -0.203 -0.206 -0.134 -0.257 -0.441 -0.211
1968 39 39 39 39 39 39 39 39 39 39 39 39
1969 -0.648 -0.734 -0.331 -0.028 -0.035 -0.108 0.028 -0.033 -0.092 -0.070 0.171 0.226 -0.138
1969 39 39 39 39 39 39 39 39 39 39 39 39
1970 -0.068 0.279 -0.266 0.001 -0.113 0.076 -0.014 -0.078 0.003 -0.182 -0.118 -0.318 -0.067
1970 39 39 39 39 39 39 39 39 39 39 39 39
1971 -0.063 -0.421 -0.473 -0.365 -0.289 -0.301 -0.167 -0.108 -0.001 -0.064 0.006 -0.079 -0.194
1971 38 38 38 38 38 38 38 38 39 38 38 38
1972 -0.779 -0.630 -0.280 -0.168 -0.185 -0.039 -0.082 -0.083 -0.232 -0.108 -0.280 0.057 -0.234
1972 38 38 38 38 38 38 38 38 38 38 38 38
1973 0.150 0.505 0.362 0.245 0.140 0.237 0.069 0.021 -0.049 -0.011 -0.138 -0.062 0.122
1973 38 38 38 38 38 38 38 38 38 38 38 38
1974 -0.460 -0.605 -0.194 -0.155 -0.234 -0.188 -0.079 -0.120 -0.246 -0.347 -0.319 -0.326 -0.273
1974 38 38 38 38 38 38 38 38 38 38 38 38
1975 0.133 -0.034 0.028 0.030 0.015 -0.005 -0.018 -0.139 0.049 -0.173 -0.271 -0.261 -0.054
1975 38 38 38 38 38 38 38 38 38 38 38 38
1976 -0.060 -0.339 -0.718 -0.168 -0.307 -0.274 -0.297 -0.277 -0.222 -0.691 -0.447 -0.296 -0.341
1976 38 38 38 38 38 38 38 38 38 38 38 38
1977 -0.441 0.101 0.259 0.261 0.105 0.201 0.063 -0.009 0.018 -0.056 0.381 0.023 0.075
1977 38 38 38 38 38 38 38 38 38 38 38 38
1978 0.045 -0.046 0.136 0.003 -0.076 -0.165 -0.075 -0.258 -0.069 -0.060 0.149 -0.172 -0.049
1978 38 38 38 38 38 38 38 38 38 38 38 38
1979 -0.157 -0.301 0.019 -0.261 -0.076 0.097 0.028 0.054 0.088 0.187 0.124 0.630 0.036
1979 38 38 38 38 38 38 38 38 38 38 38 38
1980 0.101 0.252 -0.113 0.168 0.243 0.139 0.063 0.082 0.104 0.122 0.266 0.139 0.131
1980 38 38 38 38 38 38 38 38 38 38 38 38
1981 0.756 0.611 0.506 0.415 0.118 0.150 0.099 0.252 0.113 0.034 0.158 0.508 0.310
1981 37 37 37 37 37 37 37 37 37 37 37 37
1982 -0.200 0.102 -0.242 0.072 0.032 -0.114 0.041 0.027 0.106 -0.116 -0.093 0.461 0.006
1982 36 36 36 36 36 36 36 37 37 37 37 37
1983 0.744 0.490 0.368 0.138 0.142 0.107 0.246 0.333 0.379 0.216 0.560 0.139 0.322
1983 36 37 37 37 37 37 37 37 37 37 37 37
1984 0.179 -0.076 0.020 -0.133 0.218 0.035 0.005 0.044 -0.125 0.084 -0.203 -0.505 -0.038
1984 37 36 37 37 37 37 37 37 36 36 37 37
1985 -0.003 -0.309 -0.087 0.017 0.073 -0.051 -0.115 0.120 -0.020 0.048 -0.044 0.035 -0.028
1985 37 37 37 37 37 37 37 37 37 37 37 37
1986 0.448 0.192 0.237 0.293 0.203 0.161 -0.030 0.032 -0.053 0.011 -0.024 0.036 0.126
1986 37 37 37 37 37 36 37 36 37 37 37 37
1987 0.170 0.662 -0.118 0.183 0.171 0.212 0.356 0.184 0.298 0.227 0.098 0.516 0.247
1987 37 37 37 37 37 37 37 37 37 37 37 37
1988 0.621 0.250 0.402 0.324 0.360 0.418 0.342 0.326 0.381 0.373 0.122 0.507 0.369
1988 37 37 37 37 37 36 36 37 36 37 37 36
1989 0.180 0.455 0.424 0.249 0.191 0.167 0.222 0.220 0.217 0.304 0.076 0.314 0.252
1989 36 36 36 36 36 36 36 36 36 36 36 36
1990 0.393 0.536 1.160 0.603 0.400 0.418 0.283 0.351 0.196 0.477 0.571 0.413 0.483
1990 36 36 36 36 36 36 36 36 36 36 36 36
1991 0.510 0.523 0.247 0.581 0.328 0.566 0.438 0.364 0.381 0.362 0.260 0.117 0.390
1991 35 34 34 34 33 34 33 34 34 34 33 33
1992 0.723 0.568 0.431 0.080 0.173 0.063 -0.224 -0.058 -0.204 -0.192 -0.218 0.192 0.111
1992 34 33 33 33 34 34 34 34 34 33 34 34
1993 0.495 0.458 0.366 0.214 0.261 0.205 0.178 0.129 -0.109 0.111 -0.352 0.251 0.184
1993 34 34 34 34 33 33 34 34 34 33 33 34
1994 0.351 -0.176 0.338 0.424 0.387 0.440 0.280 0.278 0.350 0.508 0.500 0.420 0.342
1994 34 34 34 34 34 34 34 34 34 35 35 34
1995 0.879 1.223 0.511 0.513 0.362 0.522 0.423 0.605 0.477 0.678 0.572 0.221 0.582
1995 34 34 35 35 34 35 34 35 34 35 34 34
1996 0.202 0.455 0.138 0.008 0.307 0.284 0.303 0.242 0.090 0.184 0.245 0.411 0.239
1996 34 34 34 34 34 34 34 34 34 34 34 34
1997 0.428 0.657 0.554 0.422 0.359 0.528 0.405 0.501 0.576 0.656 0.535 0.626 0.521
1997 34 34 34 34 34 33 34 34 33 34 34 33
1998 0.722 1.318 0.768 0.927 0.810 0.858 0.954 0.894 0.687 0.682 0.275 0.854 0.812
1998 34 34 34 34 34 34 34 35 34 34 34 34
1999 0.767 1.163 0.218 0.492 0.404 0.476 0.514 0.445 0.573 0.555 0.390 0.819 0.568
1999 34 34 34 34 34 34 34 34 34 34 34 34
2000 0.347 0.984 0.778 0.946 0.516 0.448 0.405 0.560 0.415 0.292 0.073 0.204 0.497
2000 34 34 34 34 34 34 34 34 34 34 33 33
2001 0.725 0.520 0.789 0.673 0.706 0.576 0.652 0.804 0.556 0.612 1.019 0.542 0.681
2001 31 31 32 32 31 31 31 32 32 32 31 31
2002 1.198 1.358 1.144 0.692 0.600 0.664 0.784 0.624 0.697 0.498 0.734 0.278 0.773
2002 32 32 33 32 32 32 32 32 33 33 33 33
2003 0.988 0.573 0.578 0.613 0.845 0.713 0.640 0.799 0.753 0.915 0.668 1.113 0.766
2003 33 32 32 32 32 33 32 32 32 33 32 33
2004 0.805 1.060 0.911 0.706 0.371 0.543 0.422 0.481 0.573 0.775 1.065 0.475 0.682
2004 33 33 33 32 32 32 32 32 32 32 32 32
2005 0.957 0.562 0.853 1.009 0.762 0.867 0.829 0.716 0.902 1.077 1.186 0.782 0.875
2005 32 32 32 32 32 32 32 32 32 31 32 32
2006 0.618 0.907 0.767 0.580 0.523 0.869 0.801 0.736 0.772 0.950 0.874 1.303 0.808
2006 31 32 32 32 32 32 33 32 32 32 33 31
2007 1.670 0.886 1.009 1.109 0.790 0.594 0.633 0.792 0.832 0.987 0.784 0.804 0.907
2007 32 32 32 32 32 33 33 32 33 32 32 32
2008 0.418 0.531 1.194 0.572 0.495 0.624 0.741 0.589 0.576 1.001 1.057 0.671 0.706
2008 32 32 32 33 33 32 32 33 33 33 33 32
2009 0.778 0.790 0.639 0.826 0.598 0.665 0.596 0.867 0.965 0.718 0.853 0.484 0.731
2009 32 33 32 31 32 32 33 32 32 32 32 32
2010 0.767 0.804 1.087 1.040 0.917 0.982 0.965 0.859 0.730 0.874 1.170 0.454 0.887
2010 33 32 33 32 32 32 33 33 33 33 33 33
2011 0.482 0.398 0.596 0.836 0.536 0.777 0.778 0.775 0.851 0.933 0.621 0.832 0.701
2011 31 32 31 31 31 31 31 31 31 31 31 31
2012 0.589 0.352 0.679 1.019 0.953 0.934 0.799 0.884 0.896 0.834 0.838 0.290 0.756
2012 31 30 29 29 29 29 29 29 30 29 29 29
2013 0.919 0.938 0.663 0.588 0.768 0.818 0.680 0.706 0.771 0.810 0.969 0.786 0.784
2013 28 28 28 28 29 29 28 28 28 28 29 28
2014 0.930 0.421 0.921 0.000 0.000 0.000 0.000 0.000 0.000 0.000 0.000 0.000 0.757
2014 27 28 28 0 0 0 0 0 0 0 0 0
